-0.58158 -7.9939
-0.45324 -7.7166
-1.0091 -8.6326
-1.3167 -4.1336
1.8255 -6.8848
-2.8221 -4.5681
-2.6204 -7.2686
-3.3332 -5.2341
0.21664 -3.0488
-0.48861 -9.524
0.4813 -7.1582
-1.1121 -6.4804
0.81852 -9.8592
-1.5278 -5.0223
2.0044 -5.4407
-1.8428 -6.2526
1.1586 -5.5007
-2.9773 -3.5246
-0.51368 -4.615
1.6318 -10.652
-0.68144 -6.1181
1.7139 -7.9775
-3.5313 -4.1754
-2.682 -2.8327
0.82612 -6.5583
-1.3721 -6.5561
-0.48259 -1.5143
-0.98668 -6.4046
1.3096 -2.6171
-0.06066 -7.0742
-1.0579 -1.843
-0.039459 -3.5091
-0.31537 -3.7073
-2.5063 -3.6981
-1.6291 -1.6164
-0.5517 -7.3496
0.10078 -7.7417
-0.66099 -10.914
-3.0616 -4.3175
-0.51247 -6.6826
0.67884 -4.6405
-0.17556 -8.2874
-2.5038 -1.7063
-2.088 1.1084
-1.2802 -6.0571
-0.71878 -6.7898
1.4803 -8.1041
-0.69045 -3.2456
0.0093508 -3.1009
-0.94452 -2.106
0.058614 -6.5171
-1.4334 -2.4073
-0.67984 -1.0972
-2.4805 -4.8826
-0.14983 -4.9963
1.5896 -9.6023
1.5663 -7.4699
2.4406 -4.8372
1.0276 -9.7312
-2.6346 -5.0547
0.15329 -3.9951
1.6267 -6.1917
-2.5579 -5.3998
-0.57942 -3.0561
-2.5376 -5.8341
-1.8541 1.8215
-2.0747 -1.8478
0.28235 -3.1438
-0.40888 -2.5517
-0.78567 -8.7054
-1.6971 -3.7248
-0.089133 -10.815
1.4688 -11.258
-1.8732 -5.1367
-2.0312 -3.1052
-2.2717 -9.5608
0.7694 -6.0829
-2.7853 -6.6633
0.48379 -3.5995
-2.5527 -0.12238
0.12265 -0.60096
-1.9733 -5.1362
-0.2228 -5.352
0.36623 -11.692
-1.2649 -3.583
-3.4766 -7.0587
-1.9606 -9.6018
0.62481 -9.3238
-0.85892 -5.1139
-1.7417 -2.6997
-1.2641 -5.5833
-1.8933 -1.4111
-1.471 0.0073509
-1.701 -9.7042
-0.65848 -10.114
-2.869 -4.0714
-3.852 -4.2629
1.394 -3.0561
-0.38816 -6.7724
-1.0633 0.85462
-1.5652 -1.7643
0.017301 -3.8303
-1.6653 -4.9697
0.082108 -9.0614
0.05014 -8.412
-1.027 -9.4463
-1.3822 -3.514
-3.4194 -1.1351
-0.7283 -2.6486
-1.8506 -4.9619
-0.96168 -2.7044
-2.3972 -4.109
-1.1715 -6.7261
0.78227 -7.76
-1.6512 -4.1622
-1.5301 -6.0346
0.39648 -7.339
0.62208 -8.3196
-0.69937 -8.638
-0.73668 -2.1001
-4.0633 -0.42726
-1.1951 -3.7279
2.253 -8.5093
0.040088 -11.68
1.7551 -10.914
1.0187 -11.481
-1.2692 -4.1291
-3.5171 -3.4634
-0.33204 -5.0549
-0.63583 -3.528
0.62448 -5.1787
-1.3346 -2.736
-1.0367 -1.464
0.19361 -6.001
-2.1455 -1.1081
0.75017 -5.8869
0.33085 -8.2837
-1.7283 0.026161
1.3521 -3.2844
0.30296 -4.0141
-0.65062 -4.8996
-0.10336 -12.685
-0.46964 -4.2818
-1.1138 -2.476
0.059791 -6.3296
-0.10672 -1.9023
-1.2993 -3.9236
0.64999 -4.3523
0.91867 -4.3996
-1.9142 -5.3993
-2.6911 0.38232
-2.0896 -6.575
-2.0116 -2.621
-3.7677 -0.2394
-1.1817 -3.0817
-0.55615 -3.0577
-1.8134 -4.702
1.2202 -9.5278
-1.7644 -0.30023
-1.319 -10.016
0.0047294 -6.6011
0.089763 -10.322
0.24273 -8.7435
-0.5923 -3.0021
0.30013 -8.612
-1.6826 -6.0231
1.7728 -5.3397
0.43897 -4.287
-2.9539 -3.9737
-0.84658 -4.1564
-0.62852 -6.0155
-0.1739 -11.094
3.0341 -8.2472
-1.5804 -0.41928
-2.2289 -5.1768
-1.5545 -6.8975
-2.0019 -5.1974
-1.331 -3.9989
-1.4628 -8.2627
-3.7029 -3.4741
1.6941 -5.7225
-0.25727 -5.2311
-0.4811 -3.5076
-2.603 -0.59391
-0.78714 -7.4459
0.38077 -4.1306
-0.68124 -4.7616
-3.2213 -5.6346
0.79263 -3.2563
-0.97863 -7.7056
-2.3029 -2.338
-1.1783 -4.1873
-1.3649 0.88747
-1.7498 -6.183
-0.3775 -4.864
-1.1054 -8.887
-1.2016 -0.84191
0.46047 -8.3614
-0.40443 -7.6701
-0.70587 -6.7791
-3.4886 1.5041
-1.8339 -1.1417
-2.6079 -1.24
-2.0157 -4.3974
1.7322 -2.9602
-1.1991 -6.0503
-3.2567 -5.335
0.23422 -7.9809
1.7044 -7.4072
-3.2797 -9.3637
1.8629 -8.8956
-1.6924 -12.766
-0.27673 -4.3319
0.021958 -6.2935
-0.36319 -3.9739
0.0076469 -3.2783
1.1771 -2.7
-1.586 -4.6414
-1.8182 -4.8749
2.2593 -6.2224
-0.55435 -0.79502
-1.4897 -8.2935
-1.9527 -7.6297
1.1978 -10.317
-0.3105 -3.9603
-2.4311 -8.2953
-1.523 -8.3078
-1.1198 -2.8927
0.1082 -5.7736
-1.2305 -2.0254
-2.1828 1.0774
0.73102 -8.975
0.027107 -7.016
-0.40174 -5.4416
0.34154 -0.74779
0.91353 -8.5934
-1.0842 -8.0805
-1.1949 -10.863
-0.39595 -4.7941
0.68287 -8.8745
-1.6618 -9.8636
-0.26126 0.76231
-0.49078 -5.191
-1.7321 -5.5631
-2.6529 -3.3484
0.53421 -3.6407
-1.8046 -5.9018
-0.020325 -1.1394
-2.9839 -10.238
0.44066 -7.5027
-1.9841 -0.94682
-0.16844 -7.7073
-3.5744 -4.8778
1.2605 -8.0341
-2.8331 -4.8453
-3.7204 1.2098
-3.3079 -7.0183
-0.3645 -0.25417
-0.87906 -5.8333
-3.2739 -0.69623
1.0036 -3.8625
-2.291 -4.6102
-1.0597 -3.9978
-2.1248 -7.1699
-0.61938 -1.2483
-2.5729 -6.3082
0.58931 -6.1768
0.60708 -6.8813
-0.26277 -11.416
1.1149 -8.0693
-1.5536 -6.1031
-0.73656 -3.3129
1.4073 -7.3526
-3.0038 -3.4339
-1.1755 -0.48192
-0.44333 -9.1949
-0.71596 -3.466
-0.912 -1.9091
0.027075 -5.0744
0.97418 -2.0525
0.42693 -4.5996
-0.49502 -5.9915
-0.78724 -5.6538
0.031642 -5.4319
-2.1559 -6.8592
0.23406 -4.8718
-1.4246 -3.3074
0.22691 -3.3614
-1.0006 -5.6011
-0.81562 -5.8856
-1.3831 -2.5852
-0.38194 -4.3569
-0.55465 -6.4548
-0.38506 -3.2027
-1.5807 -10.809
0.43762 -9.1916
0.20817 -11.447
-3.8773 0.0091807
-0.88403 -5.7529
-1.6352 -4.6326
-0.32419 -7.9977
-0.15027 -5.9659
0.54901 -7.1839
-1.9429 -3.3165
-1.4169 -1.7995
-2.0034 -1.6032
-1.8835 -4.6139
-0.97406 -7.5559
-2.0907 -9.7938
-0.55252 -5.2947
-1.0571 -5.9305
-0.81277 -1.9953
-2.0765 -4.0284
-0.43427 -5.7995
-0.095982 -6.3134
1.4491 -4.8853
-0.0030854 -5.2208
-0.73317 -3.1364
0.51668 -2.7942
0.93704 -3.1215
-2.3038 -4.0388
-2.5573 -7.2696
-1.9067 -6.2186
-0.68961 -4.8107
-0.093346 -8.3579
-1.4742 -3.8575
-1.2668 -3.0145
0.062553 -1.7107
0.84589 -6.934
0.16151 -4.2841
-2.0678 -2.0086
0.3488 -4.7864
-0.60832 -9.6061
-1.4028 -6.1851
2.0734 -6.9769
-1.8107 -6.4178
-0.67613 -4.1882
-0.87501 -2.6445
-0.21546 -6.3033
-3.0675 -4.7671
-0.41244 -11.409
-1.0486 0.369
0.75921 -5.5201
-0.53708 -7.1154
-0.61499 -6.0528
-0.71964 -3.3441
-1.6602 -3.2736
0.68551 -6.4454
0.98214 -6.2626
-0.058542 -6.6178
-1.7273 -2.6331
1.2372 -4.2446
-5.589 0.42843
0.06047 -3.1326
-0.87139 -5.3774
-2.4706 2.6088
-2.2459 -0.35533
-1.2912 -5.4716
-2.1705 -3.1018
1.0728 -8.1211
1.4332 -9.9442
-3.1986 1.8394
-1.5156 -5.7161
-2.3279 0.97987
-0.47468 -7.9862
-2.1468 -5.6572
-1.0202 -8.0448
-2.3538 0.082791
-1.0086 -4.283
-2.9978 -5.8655
-2.2898 -3.4017
-0.46232 -6.5782
-1.8354 -7.14
-1.065 -4.4173
-0.26928 -5.5225
0.66969 -8.7312
-3.6187 -1.1063
0.037948 -5.6133
-3.9122 -1.8112
-1.1063 -8.6988
0.18421 -3.8964
-0.67386 -4.9052
-1.7427 -6.8231
-1.6568 -1.4978
-1.3147 -6.3781
-2.0579 -1.6686
-2.26 -3.9936
-2.4106 3.1294
-0.058004 -9.0447
-1.2553 -3.8416
-1.4547 -4.5933
-0.30186 -11.479
0.40023 -12.157
-1.2537 -5.2194
0.049727 -5.5315
-2.5771 -9.6928
-1.512 -10.79
-3.6377 1.1071
-0.60831 -7.401
-0.49133 -4.1578
0.38413 -1.2556
-0.33697 -6.8904
-5.3404 -2.987
-0.92902 -3.1755
-0.11257 -5.1669
-0.43476 -7.3657
-0.41079 -0.62309
-2.2614 -6.2677
-1.9218 -0.27187
-0.034288 -3.6954
-0.88862 -6.675
0.86865 -7.8783
1.5695 -10.966
-2.7366 -1.4234
-1.1477 -4.7462
-3.1308 -4.0672
0.014005 -5.1436
-0.030531 -6.1861
-2.4817 -3.4437
0.21382 -11.186
-1.5234 -3.209
-0.78548 -4.6724
2.5543 -4.9485
-1.2519 -4.6371
-1.1858 -5.7172
-0.96811 -7.1031
1.331 -6.2718
-0.68558 -4.4844
-4.883 2.7872
-1.7563 0.084686
-1.2159 -6.4559
-2.2117 -7.5816
-2.8908 -0.53569
-2.022 -3.0268
-2.7409 -0.9015
0.43664 -4.2389
0.34959 -2.1294
0.26399 -6.4519
0.53656 -7.9856
-0.13173 -5.9792
-1.3347 -3.4878
-3.1879 0.98006
0.15675 -4.4842
0.29215 -6.3875
0.2066 -5.2777
-1.9411 -7.0905
-1.2734 0.35096
-1.8684 -5.0737
0.57519 -1.9927
-1.4174 -4.5068
-2.8401 -2.8373
-0.62784 -9.303
-0.4363 -4.8541
2.1002 -10.211
0.062869 -6.3178
0.062494 -4.1206
0.86239 -3.0271
-1.783 -5.2299
0.31998 -8.5696
-2.8563 -6.2308
-1.2246 -8.6149
-0.036925 -7.7397
-3.0095 -4.6483
-2.121 -7.2868
-1.7505 -0.98834
-1.3561 -0.89318
-0.043712 -5.6556
-4.8044 -6.292
-1.7151 -4.4874
0.63531 -6.1652
-2.2699 -1.6495
-1.9828 -8.1649
-2.5645 -8.1298
-1.1567 -3.1273
1.5103 -7.1571
-2.1611 -1.4027
-0.87534 -7.0335
-2.3628 -7.7711
-2.6284 -2.6975
-1.0681 -5.6587
-3.8104 -0.15398
-0.79814 -6.9464
-0.8546 -5.5229
-0.20113 -5.9075
-3.3958 -1.6373
-0.95671 -0.42697
-0.79725 -6.8875
0.22735 -9.6616
0.54522 -6.4346
-0.074018 -6.5621
0.92953 -4.5173
-0.89043 -6.5859
0.38951 -5.1171
-2.8856 -1.11
-1.3882 -2.1802
-2.4669 -5.5957
0.097966 -7.2958
-0.99451 -12.723
-1.0207 -7.2348
-0.83124 -5.5745
