13.484 8.7683
9.7936 8.0444
12.053 5.657
10.341 5.6226
9.3628 2.7735
11.859 6.1439
10.959 7.0516
12.441 6.916
10.774 5.0154
12.29 9.2372
13.13 8.5515
9.9289 4.7456
12.545 10.744
13.959 8.1618
13.338 8.9538
13.317 7.7501
7.0034 3.1538
10.026 6.3379
12.579 6.9452
10.733 4.9515
11.639 8.9183
14.131 8.8966
10.025 3.8255
12.21 7.1952
11.853 5.4093
11.863 6.0184
11.293 5.8435
11.179 8.4649
12.251 7.54
12.525 7.9368
10.366 7.3147
13.623 8.0249
9.6153 1.8851
10.768 4.6367
13.773 10.553
10.821 7.0299
12.496 7.2466
14.616 10.047
13.366 7.6218
17.014 9.7683
12.946 8.1006
10.147 6.2968
11.595 5.1761
12.211 5.231
11.581 6.0577
11.221 3.4518
14.046 6.6389
11.505 6.831
13.141 6.0197
14.692 8.1459
11.467 5.3519
13.135 3.8638
10.292 3.601
8.8428 3.8165
12.741 6.2092
12.986 6.788
13.61 8.7669
9.4342 6.5422
15.657 11.69
10.75 5.2553
10.33 6.5202
11.257 3.7113
11.945 6.4518
11.876 6.7242
12.993 4.6213
15.743 8.3535
12.682 4.3964
14.608 10.864
14.272 10.731
12.981 10.242
14.217 8.4011
11.215 6.3815
12.707 9.3103
10.164 5.567
11.748 9.8735
11.612 6.9091
14.36 11.096
9.7773 5.5501
15.174 10.737
13.436 10.216
11.604 8.765
10.867 5.4299
10.267 7.1118
13.791 8.6065
12.957 7.4563
13.392 5.4102
10.387 6.8377
9.2096 4.8335
14.502 10.448
12.259 8.1353
10.417 5.0704
12.859 6.3961
12.113 7.6941
16.494 11.166
13.158 10.036
10.75 6.3023
13.044 8.643
13.023 6.6274
10.814 4.3555
8.7004 4.4377
10.802 6.0027
12.456 4.1172
10.512 6.7793
11.745 5.1581
12.577 7.4178
10.284 3.1385
10.514 5.6157
11.149 4.9583
9.238 4.4757
10.033 5.3948
12.495 5.6372
12.081 7.6375
11.577 6.5575
13.4 10.927
14.897 8.3246
13.438 7.8667
10.39 4.8581
13.614 7.7382
11.552 8.5633
13.483 9.9298
9.9695 5.1397
11.879 4.7993
16.784 11.786
10.537 4.5875
12.349 7.2667
9.7428 4.9242
12.009 8.9189
14.078 10.41
10.06 3.6176
10.744 2.9031
13.632 8.226
13.4 6.3585
11.406 7.2119
9.815 6.1728
10.738 4.9714
11.187 8.0758
14.663 9.0652
12.122 9.6948
13.253 7.979
10.224 6.8106
11.617 7.8841
15.559 11.804
15.926 11.118
11.481 6.2524
8.2143 4.5373
10.075 4.854
9.0175 7.0689
11.607 5.8667
13.617 6.9143
10.101 5.7398
14.106 6.9293
14.053 10.504
13.563 6.9235
13.559 10.153
13.526 7.1832
10.862 4.0717
12.946 8.6168
13.711 7.0233
11.434 5.6022
13.903 7.2438
10.906 4.5523
13.828 6.6566
12.658 6.8213
10.904 7.8528
10.062 6.0865
11.843 7.9296
12.144 7.0965
13.263 11.891
12.727 6.6044
15.543 11.986
12.575 8.0337
12.177 6.8857
14.073 10.779
12.016 5.3979
14.453 8.3455
14.298 4.9426
10.425 5.8151
8.8688 4.6542
11.984 9.1239
14.11 10.756
12.458 7.512
11.296 6.1351
9.4669 5.9156
13.302 7.9917
10.501 6.2387
11.7 3.8113
11.913 5.7326
9.5654 5.711
11.219 6.7635
13.398 9.8508
11.772 4.6693
9.9057 3.8922
10.738 5.6366
14.751 6.4238
14.626 9.829
11.063 4.4912
12.359 9.3546
10.246 5.9562
11.826 5.5558
10.193 6.7118
15.889 9.0721
11.042 4.2186
10.925 5.8272
12.305 10.681
11.587 7.4249
8.7939 2.8285
9.6279 2.9969
13.277 7.1402
11.917 7.6182
11.757 6.9797
8.6798 2.7016
15.638 8.4365
14.977 11.587
10.79 3.7238
10.213 4.1857
8.798 4.0443
15.537 9.0322
13.282 7.3481
12.383 9.5332
12.363 5.4492
10.319 5.1787
10.037 2.3319
11.127 6.8507
12.673 8.2653
13.18 9.9187
13.699 7.6723
13.064 7.24
12.062 5.7757
13.803 8.2489
12.442 6.7543
11.609 5.4453
11.515 6.0682
10.517 5.4851
13.457 6.2827
12.353 6.2509
17.064 8.4876
12.734 10.884
15.339 11.141
12.258 5.9851
10.767 4.9568
12.679 9.638
13.395 4.7479
14.12 8.0024
7.983 2.1723
12.406 8.358
12.611 9.8064
12.076 5.9097
13.265 11.492
12.045 7.334
12.245 7.0211
12.206 7.5931
9.1231 3.9752
11.282 6.1519
12.079 8.8035
15.402 10.387
11.99 6.9656
12.184 5.384
10.08 5.3319
14.387 10.472
12.951 9.8188
13.008 9.1017
12.185 4.8192
12.947 5.1897
14.149 8.8019
12.51 9.3071
11.542 4.4558
12.279 10.737
12.022 5.6984
11.283 6.9388
13.547 10.193
9.9825 5.1496
8.8027 5.0333
12.369 9.0906
12.796 7.4315
15.075 9.5325
16.051 11.389
12.262 8.4912
11.966 5.786
8.4305 4.9177
12.825 7.2979
14.465 11.233
14.655 11.752
11.487 4.0747
14.843 7.152
13.125 7.8129
12.012 8.6837
13.564 6.2536
9.32 3.2676
13.453 9.3611
11.665 8.5092
13.119 9.7786
14.32 8.4288
12.151 5.9838
9.9553 3.8401
10.646 8.0266
12.574 7.5701
10.44 6.2677
11.41 7.0924
13.241 10.084
7.4143 0.90565
12.693 9.3664
9.8978 4.7863
16.017 11.11
12.469 5.9638
9.5027 6.8705
11.878 6.7426
12.343 5.9679
10.464 5.684
12.411 5.247
11.962 7.3625
10.581 4.5173
10.077 4.9741
12.653 6.3578
12.083 8.1714
9.3271 3.6222
11.765 4.6319
9.3848 5.1006
10.017 1.4257
13.829 10.711
10.588 5.2435
12.825 7.4228
12.828 7.5581
14.593 10.895
10.965 7.3015
11.811 6.9962
11.726 4.2181
10.364 4.9774
13.963 7.6689
7.3258 1.4629
9.5834 6.0183
13.346 7.3424
11.67 4.5863
8.8621 4.1989
11.069 6.5892
15.018 11.785
13.125 8.5749
13.734 9.4909
11.954 6.671
8.9428 3.7282
12.436 6.814
13.867 7.0493
12.065 4.7338
10.545 5.8432
9.6194 2.1497
10.167 3.8234
9.8077 7.1862
13.029 10.441
12.943 7.6722
11.873 4.5246
12.279 7.3118
11.43 7.8133
10.46 6.1656
12.616 7.3936
11.419 4.1507
14.844 9.8729
10.274 5.4831
11.157 5.4284
9.3502 7.5442
11.938 5.8302
10.827 7.3103
11.403 6.7238
10.827 5.5563
8.7205 4.5371
11.26 5.4432
11.2 4.137
10.967 3.6961
11.074 4.3839
8.4446 5.6099
14.4 10.432
11.551 5.8067
10.254 5.7041
10.523 5.6445
15.408 10.058
10.815 5.5471
10.664 7.2307
9.4618 3.104
11.792 6.5266
8.2943 3.1601
12.347 6.4746
13.75 10.36
12.521 10.67
10.876 7.5272
10.28 5.5274
15.885 9.7311
13.21 8.7028
10.329 6.619
13.165 9.6307
10.738 7.3179
13.583 10.582
11.328 8.678
13.533 6.6996
10.664 3.8856
10.87 9.5395
13.318 8.3436
10.104 3.6432
11.794 7.4689
9.1731 5.2082
14.274 8.4026
9.8613 4.6541
8.1013 2.9596
10.147 4.2436
12.503 5.7428
14.143 8.5128
12.505 5.1101
12.496 3.622
14.369 6.5464
14.139 10.862
12.454 8.267
13.316 6.7266
14.022 6.0183
11.881 7.3957
11.919 5.3029
11.534 7.4925
11.186 6.6003
13.436 10.121
10.614 5.0547
12.613 6.0923
12.261 7.9709
10.968 5.6749
10.638 4.5663
8.3736 2.7237
10.959 4.0999
10.352 5.1654
11.837 5.6032
11.837 8.6022
9.3124 2.3573
10.966 2.4321
13.694 11.829
10.443 4.6723
15.603 12.664
10.461 6.1548
12.524 7.6795
13.038 5.8328
8.5533 3.2934
8.8594 3.3884
13.305 6.9924
10.007 3.8643
10.947 4.8444
11.784 7.7371
11.68 8.3971
13.366 7.5863
11.76 5.6258
10.481 5.863
13.141 5.7442
11.031 7.6911
11.694 6.5446
13.518 6.5136
9.9374 4.2077
13.818 8.4311
13.857 8.0557
10.46 4.5697
11.506 5.569
12.311 8.4465
9.8281 3.1031
12.985 7.3963
13.833 8.6294
14.616 8.2922
10.339 7.5699
15.026 10.259
9.9904 2.8199
12.399 6.8447
12.697 7.3978
11.413 4.846
8.8085 4.4678
13.409 7.5211
10.874 6.4841
9.901 7.827
10.993 8.0549
10.575 7.0888
10.912 3.831
10.977 4.9862
11.62 8.2236
15.012 9.0018
11.461 6.7812
9.3112 3.6535
15.268 11.24
12.358 8.1475
13.016 8.0099
10.988 5.748
11.06 5.7702
13.641 5.9938
9.7434 7.4384
9.7676 4.5765
10.215 4.9974
12.297 6.2219
11.893 8.0356
12.225 9.8414
13.745 9.194
12.014 5.1673
12.834 8.9685
10.484 6.9007
12.653 6.5305
12.851 6.2265
12.908 9.2978
12.703 5.2667
11.646 9.4883
9.3911 3.5059
13.088 6.6788
12.56 9.8547
13.995 8.6386
