9.7498 -1.9496
14.038 -3.95
18.222 -4.0439
10.301 -6.6705
11.481 -6.5141
16.938 -6.0105
15.641 -4.2797
17.586 -6.4925
11.075 -5.9639
14.55 -4.0946
13.225 -4.4151
13 -5.7228
14.049 -6.5755
12.687 -4.8605
17.473 -7.3725
15.688 -8.3864
9.7728 -4.9491
19.416 -4.9773
12.986 -5.1
17.499 -3.8808
13.191 -6.3361
18.4 -5.2054
17.301 -7.0987
14.7 -5.0705
15.404 -9.6153
9.049 -3.5165
21.028 -7.8033
18.335 -6.8726
14.859 -5.2382
18.31 -6.7342
16.885 -6.5224
19.321 -7.9431
10.755 -5.0006
12.861 -5.9986
13.44 -5.7778
14.283 -8.225
15.441 -7.7796
12.407 -5.6393
15.352 -7.2571
16.992 -7.4718
15.74 -5.3131
17.158 -5.6352
14.805 -7.0124
15.721 -5.6763
13.693 -4.0491
19.425 -7.096
15.772 -6.712
13.404 -5.1744
13.058 -6.7167
16.571 -6.5336
16.058 -5.1627
12.075 -3.2929
21.715 -5.2936
10.208 -4.8416
7.3147 -1.5136
12.015 -5.1365
13.262 -6.1684
13.226 -6.9824
15.737 -7.364
11.224 -2.9143
19.966 -7.8668
13.068 -5.0598
15.027 -5.9432
19.072 -6.8081
13.288 -6.6185
14.509 -5.7299
11.729 -4.5251
11.115 -3.9204
13.46 -3.501
16.761 -8.299
14.902 -6.5534
15.18 -5.9794
10.526 -5.8456
19.534 -8.0975
16.487 -7.6426
13.932 -3.4393
15.608 -5.3946
16.5 -8.0168
14.042 -3.5472
18.329 -7.0897
14.47 -5.2105
13.459 -5.2349
20.398 -9.6314
17.515 -6.3216
19.392 -7.6363
19.109 -7.843
15.168 -9.1401
16.916 -6.829
11.984 -6.1661
9.4475 -5.3006
14.589 -7.0607
8.1402 -6.0947
15.614 -8.3921
19.452 -8.1275
15.612 -5.7414
16.628 -8.6361
18.454 -8.0366
13.624 -3.3785
12.525 -6.2744
20.06 -8.7901
13.834 -4.6423
11.724 -5.7523
15.37 -7.1681
9.9222 -7.3661
16.996 -6.8899
15.198 -5.4463
16.502 -5.7044
13.205 -4.6765
7.1823 -3.6043
18.617 -7.0969
12.019 -4.7028
13.689 -7.0572
12.779 -6.3697
24.959 -8.8985
15.933 -6.8697
14.531 -6.0683
12.898 -3.4403
11.167 -1.9508
12.08 -5.0749
15.585 -7.2833
13.555 -7.2137
9.2294 -4.6134
17.108 -5.8759
12.953 -3.0822
15.241 -7.711
20.025 -8.4364
16.661 -7.3642
15.672 -5.8698
12.355 -4.7697
15.773 -7.5783
17.868 -9.4294
11.78 -6.3668
15.23 -4.7807
13.698 -7.5976
15.622 -7.8565
12.794 -4.7231
16.755 -8.2222
15.006 -5.0618
16.822 -7.035
14.533 -5.1783
15.349 -3.6682
18.526 -6.682
11.646 -4.4773
14.841 -5.6776
16.216 -8.0887
19.489 -8.0035
21.174 -8.5351
14.011 -2.8627
11.914 -2.5875
16.132 -8.1008
14.829 -6.1625
13.867 -6.8507
12.261 -6.8819
16.873 -5.81
11.472 -5.4601
12.952 -5.4126
15.168 -4.641
16.368 -7.3238
12.706 -4.9907
15.924 -6.0191
15.726 -7.676
12.154 -6.556
15.979 -6.6651
11.038 -4.9193
10.891 -4.7048
15.365 -6.7545
7.8669 -3.0543
16.977 -7.6962
13.669 -4.8245
17.333 -6.8419
18.524 -7.4298
13.116 -5.7854
12.127 -6.438
14.445 -5.8046
8.57 -2.961
12.32 -6.555
18.16 -8.1793
14.45 -6.9179
17.339 -7.4896
13.955 -4.5141
15.823 -4.7235
18.604 -6.556
18.929 -9.1364
15.864 -6.5931
9.3863 -4.1016
10.256 -4.111
12.049 -3.7005
20.474 -7.59
19.254 -7.435
12.236 -6.4348
15.162 -6.0161
17.505 -8.1902
13.215 -7.0126
14.432 -6.4636
18.082 -9.1101
12.922 -4.8702
13.605 -5.3427
12.258 -5.7963
10.332 -5.8659
13.385 -5.2514
11.987 -4.0597
19.136 -9.0625
12.303 -4.1405
16.84 -9.4321
17.967 -5.7851
12.702 -6.3882
19.79 -6.4199
14.8 -5.8543
18.327 -7.773
13.23 -5.114
13.888 -5.2393
14.954 -7.3044
14.339 -7.4057
14.895 -3.2417
15.595 -6.4525
17.623 -8.0104
13.63 -6.8116
12.227 -5.539
14.951 -7.1761
12.473 -6.05
16.464 -5.4713
13.028 -3.5958
12.756 -5.2486
14.789 -10.027
14.14 -5.8444
14.213 -5.8538
16.339 -4.1219
10.875 -5.6034
9.0299 -4.7054
16.217 -6.9244
16.897 -7.1436
15.702 -5.6776
13.515 -5.8145
14.728 -5.8895
15.406 -5.8812
15.644 -7.3997
16.168 -7.2315
11.617 -5.0504
18.819 -7.3708
14.815 -6.4151
12.676 -3.3848
13.5 -5.1534
15.984 -6.7111
20.396 -7.4414
19.328 -5.8947
16.032 -6.5553
15.037 -5.6329
14.596 -4.0233
14.547 -4.1019
17.099 -7.1024
15.965 -7.496
17.229 -7.6934
19.248 -6.5514
15.123 -8.3067
16.646 -7.493
15.866 -4.5465
14.417 -6.5709
12.827 -5.3971
14.764 -8.8786
11.865 -4.2003
14.953 -6.5021
20.095 -7.6287
14.484 -8.2163
12.007 -4.5694
14.093 -7.9434
13.913 -7.4454
14.323 -5.0633
15.554 -4.854
11.417 -5.0951
14.327 -5.0496
14.682 -4.4703
8.6693 -2.882
11.373 -5.0394
9.2123 -5.598
21.063 -7.9377
11.305 -3.0291
14.756 -4.0932
12.087 -4.8802
10.018 -4.2045
15.157 -5.3603
14.94 -5.6441
14.491 -5.5701
21.57 -9.6199
15.716 -7.1689
16.012 -6.0842
12.632 -3.9923
16.282 -5.7738
14.95 -3.7364
10.94 -3.374
14.658 -6.2748
16.587 -6.9407
11.644 -4.9789
12.097 -5.5511
16.808 -8.7909
13.265 -2.8126
13.259 -6.3001
13.265 -5.7956
14.194 -6.0582
16.786 -6.2063
9.8362 -3.2862
13.103 -6.7531
16.5 -6.3367
20.286 -8.3083
12.822 -6.3125
17.506 -6.6399
13.541 -4.7841
16.424 -4.325
19.932 -6.9008
16.384 -7.509
14.714 -5.6777
15.563 -7.2262
12.674 -5.1129
14.591 -5.6558
17.462 -7.0873
13.651 -6.5811
11.83 -3.8662
14.57 -6.7233
11.905 -6.5326
14.049 -5.4963
7.4688 -2.9426
16.341 -4.6329
13.709 -6.2321
15.284 -6.8591
16.693 -6.2422
14.496 -5.5217
18.448 -5.9246
12.012 -2.8288
11.826 -4.5908
12.42 -3.8251
15.723 -5.6106
16.17 -5.917
17.134 -6.5939
15.983 -5.3498
15.197 -5.8941
20.215 -7.3745
13.265 -5.1445
21.605 -9.5787
16.688 -7.2407
17.382 -5.5054
14.327 -6.9968
13.797 -4.2629
20.167 -6.5792
16.4 -3.1384
10.029 -3.7981
11.303 -5.6997
15.551 -5.0542
12.466 -2.3799
14.644 -5.0732
17.389 -5.5512
22.807 -9.1371
21.883 -8.7549
15.678 -6.7558
12.701 -4.8181
18.973 -7.3786
13.433 -3.7877
19.09 -9.2654
13.68 -5.0627
11.015 -6.2413
11.609 -4.528
12.09 -3.9092
10.814 -4.9325
11.455 -6.0877
17.033 -7.9304
17.559 -8.8189
16.8 -5.5602
12.208 -3.4556
18.322 -7.4181
12.86 -6.0152
17.897 -7.4461
13.44 -6.5754
16.117 -7.1235
17.991 -8.4307
17.544 -8.2907
11.54 -5.4694
13.95 -5.3616
11.42 -6.2246
11.066 -2.4263
8.716 -3.4615
21.34 -9.8815
11.489 -3.9291
12.696 -6.5016
18.988 -8.5799
18.133 -7.2252
16.15 -6.9134
7.9633 -4.885
17.558 -7.136
12.483 -4.7641
11.15 -5.8801
17.204 -7.8395
16.088 -6.3305
20.094 -7.5967
21.334 -7.699
15.49 -6.1985
16.39 -7.6552
16.742 -6.7692
15.681 -6.0381
16.659 -8.1974
16.128 -5.885
11.838 -3.6144
17.493 -7.4749
17.494 -5.3863
12.253 -4.2537
10.031 -4.2434
12.149 -3.8425
14.597 -8.3844
17.97 -5.2034
13.193 -5.0712
19.5 -7.8226
10.003 -5.9631
12.175 -6.6959
12.636 -5.192
18.253 -6.859
17.943 -7.2423
10.139 -5.7143
13.567 -5.6784
13.337 -4.9778
10.183 -2.596
14.985 -7.6796
13.553 -6.8035
18.66 -8.5291
17.2 -5.8997
13.722 -6.1955
19.845 -8.8447
16.889 -9.4487
11.796 -4.1718
19.819 -7.8323
13.724 -6.6168
16.021 -7.0164
13.448 -4.085
19.06 -7.4963
13.563 -2.3844
14.091 -5.5012
16.802 -8.0361
14.155 -2.4272
16.65 -4.7633
14.384 -7.9809
15.935 -6.6646
15.539 -7.2209
13.283 -5.588
14.234 -6.9321
11.329 -4.361
19.32 -7.0303
17.68 -7.7668
20.549 -6.8921
19.57 -5.2176
16.634 -6.6384
14.679 -5.7409
13.587 -6.7008
13.786 -5.9581
13.008 -3.7833
9.9927 -3.8957
15.376 -6.3742
16.448 -8.2803
20.294 -6.1102
18.063 -8.6178
20.515 -8.3992
14.15 -4.1861
17.356 -5.768
14.764 -4.9886
10.126 -2.5888
18.043 -5.0147
11.732 -4.3314
16.243 -10.124
12.981 -4.3589
16.83 -7.9459
15.831 -5.0889
13.329 -6.107
17.268 -6.4819
16.987 -5.9943
10.146 -3.4389
14.542 -5.214
15.67 -4.917
13.389 -4.6884
14.136 -5.3355
21.136 -6.6073
12.862 -6.3183
17.182 -8.0402
16.189 -8.3544
12.937 -6.4576
19.43 -7.9819
19.514 -4.4274
16.392 -4.6025
13.643 -4.8485
14.476 -6.0573
11.969 -2.5413
11.985 -5.46
17.827 -5.6058
13.711 -4.575
13.693 -5.9139
16.345 -5.9792
10.524 -4.1406
17.397 -7.9407
11.518 -3.7618
18.738 -4.7422
18.064 -5.1592
14.449 -5.3564
19.399 -7.0212
16.085 -8.2245
14.996 -5.26
18.121 -5.781
